/*--------------------------------*- C++ -*----------------------------------*\
| =========                 |                                                 |
| \\      /  F ield         | OpenFOAM: The Open Source CFD Toolbox           |
|  \\    /   O peration     | Version:  v2006                                 |
|   \\  /    A nd           | Website:  www.openfoam.com                      |
|    \\/     M anipulation  |                                                 |
\*---------------------------------------------------------------------------*/
FoamFile
{
    version     2.0;
    format      ascii;
    class       labelList;
    note        "nPoints:5616  nCells:3875  nFaces:13200  nInternalFaces:10050";
    location    "constant/polyMesh";
    object      neighbour;
}
// * * * * * * * * * * * * * * * * * * * * * * * * * * * * * * * * * * * * * //


10050
(
1
50
250
2
51
251
3
52
252
4
53
253
5
54
254
6
55
255
7
56
256
8
57
257
9
58
258
10
59
259
11
60
260
12
61
261
13
62
262
14
63
263
15
64
264
16
65
265
17
66
266
18
67
267
19
68
268
20
69
269
21
70
270
22
71
271
23
72
272
24
73
273
25
74
274
26
75
275
27
76
276
28
77
277
29
78
278
30
79
279
31
80
280
32
81
281
33
82
282
34
83
283
35
84
284
36
85
285
37
86
286
38
87
287
39
88
288
40
89
289
41
90
290
42
91
291
43
92
292
44
93
293
45
94
294
46
95
295
47
96
296
48
97
297
49
98
298
99
299
1250
51
100
300
52
101
301
53
102
302
54
103
303
55
104
304
56
105
305
57
106
306
58
107
307
59
108
308
60
109
309
61
110
310
62
111
311
63
112
312
64
113
313
65
114
314
66
115
315
67
116
316
68
117
317
69
118
318
70
119
319
71
120
320
72
121
321
73
122
322
74
123
323
75
124
324
76
125
325
77
126
326
78
127
327
79
128
328
80
129
329
81
130
330
82
131
331
83
132
332
84
133
333
85
134
334
86
135
335
87
136
336
88
137
337
89
138
338
90
139
339
91
140
340
92
141
341
93
142
342
94
143
343
95
144
344
96
145
345
97
146
346
98
147
347
99
148
348
149
349
1255
101
150
350
102
151
351
103
152
352
104
153
353
105
154
354
106
155
355
107
156
356
108
157
357
109
158
358
110
159
359
111
160
360
112
161
361
113
162
362
114
163
363
115
164
364
116
165
365
117
166
366
118
167
367
119
168
368
120
169
369
121
170
370
122
171
371
123
172
372
124
173
373
125
174
374
126
175
375
127
176
376
128
177
377
129
178
378
130
179
379
131
180
380
132
181
381
133
182
382
134
183
383
135
184
384
136
185
385
137
186
386
138
187
387
139
188
388
140
189
389
141
190
390
142
191
391
143
192
392
144
193
393
145
194
394
146
195
395
147
196
396
148
197
397
149
198
398
199
399
1260
151
200
400
152
201
401
153
202
402
154
203
403
155
204
404
156
205
405
157
206
406
158
207
407
159
208
408
160
209
409
161
210
410
162
211
411
163
212
412
164
213
413
165
214
414
166
215
415
167
216
416
168
217
417
169
218
418
170
219
419
171
220
420
172
221
421
173
222
422
174
223
423
175
224
424
176
225
425
177
226
426
178
227
427
179
228
428
180
229
429
181
230
430
182
231
431
183
232
432
184
233
433
185
234
434
186
235
435
187
236
436
188
237
437
189
238
438
190
239
439
191
240
440
192
241
441
193
242
442
194
243
443
195
244
444
196
245
445
197
246
446
198
247
447
199
248
448
249
449
1265
201
450
202
451
203
452
204
453
205
454
206
455
207
456
208
457
209
458
210
459
211
460
212
461
213
462
214
463
215
464
216
465
217
466
218
467
219
468
220
469
221
470
222
471
223
472
224
473
225
474
226
475
227
476
228
477
229
478
230
479
231
480
232
481
233
482
234
483
235
484
236
485
237
486
238
487
239
488
240
489
241
490
242
491
243
492
244
493
245
494
246
495
247
496
248
497
249
498
499
1270
251
300
500
252
301
501
253
302
502
254
303
503
255
304
504
256
305
505
257
306
506
258
307
507
259
308
508
260
309
509
261
310
510
262
311
511
263
312
512
264
313
513
265
314
514
266
315
515
267
316
516
268
317
517
269
318
518
270
319
519
271
320
520
272
321
521
273
322
522
274
323
523
275
324
524
276
325
525
277
326
526
278
327
527
279
328
528
280
329
529
281
330
530
282
331
531
283
332
532
284
333
533
285
334
534
286
335
535
287
336
536
288
337
537
289
338
538
290
339
539
291
340
540
292
341
541
293
342
542
294
343
543
295
344
544
296
345
545
297
346
546
298
347
547
299
348
548
349
549
1275
301
350
550
302
351
551
303
352
552
304
353
553
305
354
554
306
355
555
307
356
556
308
357
557
309
358
558
310
359
559
311
360
560
312
361
561
313
362
562
314
363
563
315
364
564
316
365
565
317
366
566
318
367
567
319
368
568
320
369
569
321
370
570
322
371
571
323
372
572
324
373
573
325
374
574
326
375
575
327
376
576
328
377
577
329
378
578
330
379
579
331
380
580
332
381
581
333
382
582
334
383
583
335
384
584
336
385
585
337
386
586
338
387
587
339
388
588
340
389
589
341
390
590
342
391
591
343
392
592
344
393
593
345
394
594
346
395
595
347
396
596
348
397
597
349
398
598
399
599
1280
351
400
600
352
401
601
353
402
602
354
403
603
355
404
604
356
405
605
357
406
606
358
407
607
359
408
608
360
409
609
361
410
610
362
411
611
363
412
612
364
413
613
365
414
614
366
415
615
367
416
616
368
417
617
369
418
618
370
419
619
371
420
620
372
421
621
373
422
622
374
423
623
375
424
624
376
425
625
377
426
626
378
427
627
379
428
628
380
429
629
381
430
630
382
431
631
383
432
632
384
433
633
385
434
634
386
435
635
387
436
636
388
437
637
389
438
638
390
439
639
391
440
640
392
441
641
393
442
642
394
443
643
395
444
644
396
445
645
397
446
646
398
447
647
399
448
648
449
649
1285
401
450
650
402
451
651
403
452
652
404
453
653
405
454
654
406
455
655
407
456
656
408
457
657
409
458
658
410
459
659
411
460
660
412
461
661
413
462
662
414
463
663
415
464
664
416
465
665
417
466
666
418
467
667
419
468
668
420
469
669
421
470
670
422
471
671
423
472
672
424
473
673
425
474
674
426
475
675
427
476
676
428
477
677
429
478
678
430
479
679
431
480
680
432
481
681
433
482
682
434
483
683
435
484
684
436
485
685
437
486
686
438
487
687
439
488
688
440
489
689
441
490
690
442
491
691
443
492
692
444
493
693
445
494
694
446
495
695
447
496
696
448
497
697
449
498
698
499
699
1290
451
700
452
701
453
702
454
703
455
704
456
705
457
706
458
707
459
708
460
709
461
710
462
711
463
712
464
713
465
714
466
715
467
716
468
717
469
718
470
719
471
720
472
721
473
722
474
723
475
724
476
725
477
726
478
727
479
728
480
729
481
730
482
731
483
732
484
733
485
734
486
735
487
736
488
737
489
738
490
739
491
740
492
741
493
742
494
743
495
744
496
745
497
746
498
747
499
748
749
1295
501
550
750
502
551
751
503
552
752
504
553
753
505
554
754
506
555
755
507
556
756
508
557
757
509
558
758
510
559
759
511
560
760
512
561
761
513
562
762
514
563
763
515
564
764
516
565
765
517
566
766
518
567
767
519
568
768
520
569
769
521
570
770
522
571
771
523
572
772
524
573
773
525
574
774
526
575
775
527
576
776
528
577
777
529
578
778
530
579
779
531
580
780
532
581
781
533
582
782
534
583
783
535
584
784
536
585
785
537
586
786
538
587
787
539
588
788
540
589
789
541
590
790
542
591
791
543
592
792
544
593
793
545
594
794
546
595
795
547
596
796
548
597
797
549
598
798
599
799
1300
551
600
800
552
601
801
553
602
802
554
603
803
555
604
804
556
605
805
557
606
806
558
607
807
559
608
808
560
609
809
561
610
810
562
611
811
563
612
812
564
613
813
565
614
814
566
615
815
567
616
816
568
617
817
569
618
818
570
619
819
571
620
820
572
621
821
573
622
822
574
623
823
575
624
824
576
625
825
577
626
826
578
627
827
579
628
828
580
629
829
581
630
830
582
631
831
583
632
832
584
633
833
585
634
834
586
635
835
587
636
836
588
637
837
589
638
838
590
639
839
591
640
840
592
641
841
593
642
842
594
643
843
595
644
844
596
645
845
597
646
846
598
647
847
599
648
848
649
849
1305
601
650
850
602
651
851
603
652
852
604
653
853
605
654
854
606
655
855
607
656
856
608
657
857
609
658
858
610
659
859
611
660
860
612
661
861
613
662
862
614
663
863
615
664
864
616
665
865
617
666
866
618
667
867
619
668
868
620
669
869
621
670
870
622
671
871
623
672
872
624
673
873
625
674
874
626
675
875
627
676
876
628
677
877
629
678
878
630
679
879
631
680
880
632
681
881
633
682
882
634
683
883
635
684
884
636
685
885
637
686
886
638
687
887
639
688
888
640
689
889
641
690
890
642
691
891
643
692
892
644
693
893
645
694
894
646
695
895
647
696
896
648
697
897
649
698
898
699
899
1310
651
700
900
652
701
901
653
702
902
654
703
903
655
704
904
656
705
905
657
706
906
658
707
907
659
708
908
660
709
909
661
710
910
662
711
911
663
712
912
664
713
913
665
714
914
666
715
915
667
716
916
668
717
917
669
718
918
670
719
919
671
720
920
672
721
921
673
722
922
674
723
923
675
724
924
676
725
925
677
726
926
678
727
927
679
728
928
680
729
929
681
730
930
682
731
931
683
732
932
684
733
933
685
734
934
686
735
935
687
736
936
688
737
937
689
738
938
690
739
939
691
740
940
692
741
941
693
742
942
694
743
943
695
744
944
696
745
945
697
746
946
698
747
947
699
748
948
749
949
1315
701
950
702
951
703
952
704
953
705
954
706
955
707
956
708
957
709
958
710
959
711
960
712
961
713
962
714
963
715
964
716
965
717
966
718
967
719
968
720
969
721
970
722
971
723
972
724
973
725
974
726
975
727
976
728
977
729
978
730
979
731
980
732
981
733
982
734
983
735
984
736
985
737
986
738
987
739
988
740
989
741
990
742
991
743
992
744
993
745
994
746
995
747
996
748
997
749
998
999
1320
751
800
1000
752
801
1001
753
802
1002
754
803
1003
755
804
1004
756
805
1005
757
806
1006
758
807
1007
759
808
1008
760
809
1009
761
810
1010
762
811
1011
763
812
1012
764
813
1013
765
814
1014
766
815
1015
767
816
1016
768
817
1017
769
818
1018
770
819
1019
771
820
1020
772
821
1021
773
822
1022
774
823
1023
775
824
1024
776
825
1025
777
826
1026
778
827
1027
779
828
1028
780
829
1029
781
830
1030
782
831
1031
783
832
1032
784
833
1033
785
834
1034
786
835
1035
787
836
1036
788
837
1037
789
838
1038
790
839
1039
791
840
1040
792
841
1041
793
842
1042
794
843
1043
795
844
1044
796
845
1045
797
846
1046
798
847
1047
799
848
1048
849
1049
1325
801
850
1050
802
851
1051
803
852
1052
804
853
1053
805
854
1054
806
855
1055
807
856
1056
808
857
1057
809
858
1058
810
859
1059
811
860
1060
812
861
1061
813
862
1062
814
863
1063
815
864
1064
816
865
1065
817
866
1066
818
867
1067
819
868
1068
820
869
1069
821
870
1070
822
871
1071
823
872
1072
824
873
1073
825
874
1074
826
875
1075
827
876
1076
828
877
1077
829
878
1078
830
879
1079
831
880
1080
832
881
1081
833
882
1082
834
883
1083
835
884
1084
836
885
1085
837
886
1086
838
887
1087
839
888
1088
840
889
1089
841
890
1090
842
891
1091
843
892
1092
844
893
1093
845
894
1094
846
895
1095
847
896
1096
848
897
1097
849
898
1098
899
1099
1330
851
900
1100
852
901
1101
853
902
1102
854
903
1103
855
904
1104
856
905
1105
857
906
1106
858
907
1107
859
908
1108
860
909
1109
861
910
1110
862
911
1111
863
912
1112
864
913
1113
865
914
1114
866
915
1115
867
916
1116
868
917
1117
869
918
1118
870
919
1119
871
920
1120
872
921
1121
873
922
1122
874
923
1123
875
924
1124
876
925
1125
877
926
1126
878
927
1127
879
928
1128
880
929
1129
881
930
1130
882
931
1131
883
932
1132
884
933
1133
885
934
1134
886
935
1135
887
936
1136
888
937
1137
889
938
1138
890
939
1139
891
940
1140
892
941
1141
893
942
1142
894
943
1143
895
944
1144
896
945
1145
897
946
1146
898
947
1147
899
948
1148
949
1149
1335
901
950
1150
902
951
1151
903
952
1152
904
953
1153
905
954
1154
906
955
1155
907
956
1156
908
957
1157
909
958
1158
910
959
1159
911
960
1160
912
961
1161
913
962
1162
914
963
1163
915
964
1164
916
965
1165
917
966
1166
918
967
1167
919
968
1168
920
969
1169
921
970
1170
922
971
1171
923
972
1172
924
973
1173
925
974
1174
926
975
1175
927
976
1176
928
977
1177
929
978
1178
930
979
1179
931
980
1180
932
981
1181
933
982
1182
934
983
1183
935
984
1184
936
985
1185
937
986
1186
938
987
1187
939
988
1188
940
989
1189
941
990
1190
942
991
1191
943
992
1192
944
993
1193
945
994
1194
946
995
1195
947
996
1196
948
997
1197
949
998
1198
999
1199
1340
951
1200
952
1201
953
1202
954
1203
955
1204
956
1205
957
1206
958
1207
959
1208
960
1209
961
1210
962
1211
963
1212
964
1213
965
1214
966
1215
967
1216
968
1217
969
1218
970
1219
971
1220
972
1221
973
1222
974
1223
975
1224
976
1225
977
1226
978
1227
979
1228
980
1229
981
1230
982
1231
983
1232
984
1233
985
1234
986
1235
987
1236
988
1237
989
1238
990
1239
991
1240
992
1241
993
1242
994
1243
995
1244
996
1245
997
1246
998
1247
999
1248
1249
1345
1001
1050
1002
1051
1003
1052
1004
1053
1005
1054
1006
1055
1007
1056
1008
1057
1009
1058
1010
1059
1011
1060
1012
1061
1013
1062
1014
1063
1015
1064
1016
1065
1017
1066
1018
1067
1019
1068
1020
1069
1021
1070
1022
1071
1023
1072
1024
1073
1025
1074
1026
1075
1027
1076
1028
1077
1029
1078
1030
1079
1031
1080
1032
1081
1033
1082
1034
1083
1035
1084
1036
1085
1037
1086
1038
1087
1039
1088
1040
1089
1041
1090
1042
1091
1043
1092
1044
1093
1045
1094
1046
1095
1047
1096
1048
1097
1049
1098
1099
1350
1051
1100
1052
1101
1053
1102
1054
1103
1055
1104
1056
1105
1057
1106
1058
1107
1059
1108
1060
1109
1061
1110
1062
1111
1063
1112
1064
1113
1065
1114
1066
1115
1067
1116
1068
1117
1069
1118
1070
1119
1071
1120
1072
1121
1073
1122
1074
1123
1075
1124
1076
1125
1077
1126
1078
1127
1079
1128
1080
1129
1081
1130
1082
1131
1083
1132
1084
1133
1085
1134
1086
1135
1087
1136
1088
1137
1089
1138
1090
1139
1091
1140
1092
1141
1093
1142
1094
1143
1095
1144
1096
1145
1097
1146
1098
1147
1099
1148
1149
1355
1101
1150
1102
1151
1103
1152
1104
1153
1105
1154
1106
1155
1107
1156
1108
1157
1109
1158
1110
1159
1111
1160
1112
1161
1113
1162
1114
1163
1115
1164
1116
1165
1117
1166
1118
1167
1119
1168
1120
1169
1121
1170
1122
1171
1123
1172
1124
1173
1125
1174
1126
1175
1127
1176
1128
1177
1129
1178
1130
1179
1131
1180
1132
1181
1133
1182
1134
1183
1135
1184
1136
1185
1137
1186
1138
1187
1139
1188
1140
1189
1141
1190
1142
1191
1143
1192
1144
1193
1145
1194
1146
1195
1147
1196
1148
1197
1149
1198
1199
1360
1151
1200
1152
1201
1153
1202
1154
1203
1155
1204
1156
1205
1157
1206
1158
1207
1159
1208
1160
1209
1161
1210
1162
1211
1163
1212
1164
1213
1165
1214
1166
1215
1167
1216
1168
1217
1169
1218
1170
1219
1171
1220
1172
1221
1173
1222
1174
1223
1175
1224
1176
1225
1177
1226
1178
1227
1179
1228
1180
1229
1181
1230
1182
1231
1183
1232
1184
1233
1185
1234
1186
1235
1187
1236
1188
1237
1189
1238
1190
1239
1191
1240
1192
1241
1193
1242
1194
1243
1195
1244
1196
1245
1197
1246
1198
1247
1199
1248
1249
1365
1201
1202
1203
1204
1205
1206
1207
1208
1209
1210
1211
1212
1213
1214
1215
1216
1217
1218
1219
1220
1221
1222
1223
1224
1225
1226
1227
1228
1229
1230
1231
1232
1233
1234
1235
1236
1237
1238
1239
1240
1241
1242
1243
1244
1245
1246
1247
1248
1249
1370
1251
1255
1275
1620
1252
1256
1276
1621
1253
1257
1277
1622
1254
1258
1278
1623
1259
1279
1624
1256
1260
1280
1257
1261
1281
1258
1262
1282
1259
1263
1283
1264
1284
1261
1265
1285
1262
1266
1286
1263
1267
1287
1264
1268
1288
1269
1289
1266
1270
1290
1267
1271
1291
1268
1272
1292
1269
1273
1293
1274
1294
1271
1295
2625
1272
1296
2626
1273
1297
2627
1274
1298
2628
1299
2629
1276
1280
1300
1870
1277
1281
1301
1871
1278
1282
1302
1872
1279
1283
1303
1873
1284
1304
1874
1281
1285
1305
1282
1286
1306
1283
1287
1307
1284
1288
1308
1289
1309
1286
1290
1310
1287
1291
1311
1288
1292
1312
1289
1293
1313
1294
1314
1291
1295
1315
1292
1296
1316
1293
1297
1317
1294
1298
1318
1299
1319
1296
1320
2875
1297
1321
2876
1298
1322
2877
1299
1323
2878
1324
2879
1301
1305
1325
2120
1302
1306
1326
2121
1303
1307
1327
2122
1304
1308
1328
2123
1309
1329
2124
1306
1310
1330
1307
1311
1331
1308
1312
1332
1309
1313
1333
1314
1334
1311
1315
1335
1312
1316
1336
1313
1317
1337
1314
1318
1338
1319
1339
1316
1320
1340
1317
1321
1341
1318
1322
1342
1319
1323
1343
1324
1344
1321
1345
3125
1322
1346
3126
1323
1347
3127
1324
1348
3128
1349
3129
1326
1330
1350
2370
1327
1331
1351
2371
1328
1332
1352
2372
1329
1333
1353
2373
1334
1354
2374
1331
1335
1355
1332
1336
1356
1333
1337
1357
1334
1338
1358
1339
1359
1336
1340
1360
1337
1341
1361
1338
1342
1362
1339
1343
1363
1344
1364
1341
1345
1365
1342
1346
1366
1343
1347
1367
1344
1348
1368
1349
1369
1346
1370
3375
1347
1371
3376
1348
1372
3377
1349
1373
3378
1374
3379
1351
1355
2620
1352
1356
2621
1353
1357
2622
1354
1358
2623
1359
2624
1356
1360
1357
1361
1358
1362
1359
1363
1364
1361
1365
1362
1366
1363
1367
1364
1368
1369
1366
1370
1367
1371
1368
1372
1369
1373
1374
1371
3625
1372
3626
1373
3627
1374
3628
3629
1376
1380
1625
1377
1381
1626
1378
1382
1627
1379
1383
1628
1384
1629
1381
1385
1630
1382
1386
1631
1383
1387
1632
1384
1388
1633
1389
1634
1386
1390
1635
1387
1391
1636
1388
1392
1637
1389
1393
1638
1394
1639
1391
1395
1640
1392
1396
1641
1393
1397
1642
1394
1398
1643
1399
1644
1396
1400
1645
1397
1401
1646
1398
1402
1647
1399
1403
1648
1404
1649
1401
1405
1650
1402
1406
1651
1403
1407
1652
1404
1408
1653
1409
1654
1406
1410
1655
1407
1411
1656
1408
1412
1657
1409
1413
1658
1414
1659
1411
1415
1660
1412
1416
1661
1413
1417
1662
1414
1418
1663
1419
1664
1416
1420
1665
1417
1421
1666
1418
1422
1667
1419
1423
1668
1424
1669
1421
1425
1670
1422
1426
1671
1423
1427
1672
1424
1428
1673
1429
1674
1426
1430
1675
1427
1431
1676
1428
1432
1677
1429
1433
1678
1434
1679
1431
1435
1680
1432
1436
1681
1433
1437
1682
1434
1438
1683
1439
1684
1436
1440
1685
1437
1441
1686
1438
1442
1687
1439
1443
1688
1444
1689
1441
1445
1690
1442
1446
1691
1443
1447
1692
1444
1448
1693
1449
1694
1446
1450
1695
1447
1451
1696
1448
1452
1697
1449
1453
1698
1454
1699
1451
1455
1700
1452
1456
1701
1453
1457
1702
1454
1458
1703
1459
1704
1456
1460
1705
1457
1461
1706
1458
1462
1707
1459
1463
1708
1464
1709
1461
1465
1710
1462
1466
1711
1463
1467
1712
1464
1468
1713
1469
1714
1466
1470
1715
1467
1471
1716
1468
1472
1717
1469
1473
1718
1474
1719
1471
1475
1720
1472
1476
1721
1473
1477
1722
1474
1478
1723
1479
1724
1476
1480
1725
1477
1481
1726
1478
1482
1727
1479
1483
1728
1484
1729
1481
1485
1730
1482
1486
1731
1483
1487
1732
1484
1488
1733
1489
1734
1486
1490
1735
1487
1491
1736
1488
1492
1737
1489
1493
1738
1494
1739
1491
1495
1740
1492
1496
1741
1493
1497
1742
1494
1498
1743
1499
1744
1496
1500
1745
1497
1501
1746
1498
1502
1747
1499
1503
1748
1504
1749
1501
1505
1750
1502
1506
1751
1503
1507
1752
1504
1508
1753
1509
1754
1506
1510
1755
1507
1511
1756
1508
1512
1757
1509
1513
1758
1514
1759
1511
1515
1760
1512
1516
1761
1513
1517
1762
1514
1518
1763
1519
1764
1516
1520
1765
1517
1521
1766
1518
1522
1767
1519
1523
1768
1524
1769
1521
1525
1770
1522
1526
1771
1523
1527
1772
1524
1528
1773
1529
1774
1526
1530
1775
1527
1531
1776
1528
1532
1777
1529
1533
1778
1534
1779
1531
1535
1780
1532
1536
1781
1533
1537
1782
1534
1538
1783
1539
1784
1536
1540
1785
1537
1541
1786
1538
1542
1787
1539
1543
1788
1544
1789
1541
1545
1790
1542
1546
1791
1543
1547
1792
1544
1548
1793
1549
1794
1546
1550
1795
1547
1551
1796
1548
1552
1797
1549
1553
1798
1554
1799
1551
1555
1800
1552
1556
1801
1553
1557
1802
1554
1558
1803
1559
1804
1556
1560
1805
1557
1561
1806
1558
1562
1807
1559
1563
1808
1564
1809
1561
1565
1810
1562
1566
1811
1563
1567
1812
1564
1568
1813
1569
1814
1566
1570
1815
1567
1571
1816
1568
1572
1817
1569
1573
1818
1574
1819
1571
1575
1820
1572
1576
1821
1573
1577
1822
1574
1578
1823
1579
1824
1576
1580
1825
1577
1581
1826
1578
1582
1827
1579
1583
1828
1584
1829
1581
1585
1830
1582
1586
1831
1583
1587
1832
1584
1588
1833
1589
1834
1586
1590
1835
1587
1591
1836
1588
1592
1837
1589
1593
1838
1594
1839
1591
1595
1840
1592
1596
1841
1593
1597
1842
1594
1598
1843
1599
1844
1596
1600
1845
1597
1601
1846
1598
1602
1847
1599
1603
1848
1604
1849
1601
1605
1850
1602
1606
1851
1603
1607
1852
1604
1608
1853
1609
1854
1606
1610
1855
1607
1611
1856
1608
1612
1857
1609
1613
1858
1614
1859
1611
1615
1860
1612
1616
1861
1613
1617
1862
1614
1618
1863
1619
1864
1616
1620
1865
1617
1621
1866
1618
1622
1867
1619
1623
1868
1624
1869
1621
1870
1622
1871
1623
1872
1624
1873
1874
1626
1630
1875
1627
1631
1876
1628
1632
1877
1629
1633
1878
1634
1879
1631
1635
1880
1632
1636
1881
1633
1637
1882
1634
1638
1883
1639
1884
1636
1640
1885
1637
1641
1886
1638
1642
1887
1639
1643
1888
1644
1889
1641
1645
1890
1642
1646
1891
1643
1647
1892
1644
1648
1893
1649
1894
1646
1650
1895
1647
1651
1896
1648
1652
1897
1649
1653
1898
1654
1899
1651
1655
1900
1652
1656
1901
1653
1657
1902
1654
1658
1903
1659
1904
1656
1660
1905
1657
1661
1906
1658
1662
1907
1659
1663
1908
1664
1909
1661
1665
1910
1662
1666
1911
1663
1667
1912
1664
1668
1913
1669
1914
1666
1670
1915
1667
1671
1916
1668
1672
1917
1669
1673
1918
1674
1919
1671
1675
1920
1672
1676
1921
1673
1677
1922
1674
1678
1923
1679
1924
1676
1680
1925
1677
1681
1926
1678
1682
1927
1679
1683
1928
1684
1929
1681
1685
1930
1682
1686
1931
1683
1687
1932
1684
1688
1933
1689
1934
1686
1690
1935
1687
1691
1936
1688
1692
1937
1689
1693
1938
1694
1939
1691
1695
1940
1692
1696
1941
1693
1697
1942
1694
1698
1943
1699
1944
1696
1700
1945
1697
1701
1946
1698
1702
1947
1699
1703
1948
1704
1949
1701
1705
1950
1702
1706
1951
1703
1707
1952
1704
1708
1953
1709
1954
1706
1710
1955
1707
1711
1956
1708
1712
1957
1709
1713
1958
1714
1959
1711
1715
1960
1712
1716
1961
1713
1717
1962
1714
1718
1963
1719
1964
1716
1720
1965
1717
1721
1966
1718
1722
1967
1719
1723
1968
1724
1969
1721
1725
1970
1722
1726
1971
1723
1727
1972
1724
1728
1973
1729
1974
1726
1730
1975
1727
1731
1976
1728
1732
1977
1729
1733
1978
1734
1979
1731
1735
1980
1732
1736
1981
1733
1737
1982
1734
1738
1983
1739
1984
1736
1740
1985
1737
1741
1986
1738
1742
1987
1739
1743
1988
1744
1989
1741
1745
1990
1742
1746
1991
1743
1747
1992
1744
1748
1993
1749
1994
1746
1750
1995
1747
1751
1996
1748
1752
1997
1749
1753
1998
1754
1999
1751
1755
2000
1752
1756
2001
1753
1757
2002
1754
1758
2003
1759
2004
1756
1760
2005
1757
1761
2006
1758
1762
2007
1759
1763
2008
1764
2009
1761
1765
2010
1762
1766
2011
1763
1767
2012
1764
1768
2013
1769
2014
1766
1770
2015
1767
1771
2016
1768
1772
2017
1769
1773
2018
1774
2019
1771
1775
2020
1772
1776
2021
1773
1777
2022
1774
1778
2023
1779
2024
1776
1780
2025
1777
1781
2026
1778
1782
2027
1779
1783
2028
1784
2029
1781
1785
2030
1782
1786
2031
1783
1787
2032
1784
1788
2033
1789
2034
1786
1790
2035
1787
1791
2036
1788
1792
2037
1789
1793
2038
1794
2039
1791
1795
2040
1792
1796
2041
1793
1797
2042
1794
1798
2043
1799
2044
1796
1800
2045
1797
1801
2046
1798
1802
2047
1799
1803
2048
1804
2049
1801
1805
2050
1802
1806
2051
1803
1807
2052
1804
1808
2053
1809
2054
1806
1810
2055
1807
1811
2056
1808
1812
2057
1809
1813
2058
1814
2059
1811
1815
2060
1812
1816
2061
1813
1817
2062
1814
1818
2063
1819
2064
1816
1820
2065
1817
1821
2066
1818
1822
2067
1819
1823
2068
1824
2069
1821
1825
2070
1822
1826
2071
1823
1827
2072
1824
1828
2073
1829
2074
1826
1830
2075
1827
1831
2076
1828
1832
2077
1829
1833
2078
1834
2079
1831
1835
2080
1832
1836
2081
1833
1837
2082
1834
1838
2083
1839
2084
1836
1840
2085
1837
1841
2086
1838
1842
2087
1839
1843
2088
1844
2089
1841
1845
2090
1842
1846
2091
1843
1847
2092
1844
1848
2093
1849
2094
1846
1850
2095
1847
1851
2096
1848
1852
2097
1849
1853
2098
1854
2099
1851
1855
2100
1852
1856
2101
1853
1857
2102
1854
1858
2103
1859
2104
1856
1860
2105
1857
1861
2106
1858
1862
2107
1859
1863
2108
1864
2109
1861
1865
2110
1862
1866
2111
1863
1867
2112
1864
1868
2113
1869
2114
1866
1870
2115
1867
1871
2116
1868
1872
2117
1869
1873
2118
1874
2119
1871
2120
1872
2121
1873
2122
1874
2123
2124
1876
1880
2125
1877
1881
2126
1878
1882
2127
1879
1883
2128
1884
2129
1881
1885
2130
1882
1886
2131
1883
1887
2132
1884
1888
2133
1889
2134
1886
1890
2135
1887
1891
2136
1888
1892
2137
1889
1893
2138
1894
2139
1891
1895
2140
1892
1896
2141
1893
1897
2142
1894
1898
2143
1899
2144
1896
1900
2145
1897
1901
2146
1898
1902
2147
1899
1903
2148
1904
2149
1901
1905
2150
1902
1906
2151
1903
1907
2152
1904
1908
2153
1909
2154
1906
1910
2155
1907
1911
2156
1908
1912
2157
1909
1913
2158
1914
2159
1911
1915
2160
1912
1916
2161
1913
1917
2162
1914
1918
2163
1919
2164
1916
1920
2165
1917
1921
2166
1918
1922
2167
1919
1923
2168
1924
2169
1921
1925
2170
1922
1926
2171
1923
1927
2172
1924
1928
2173
1929
2174
1926
1930
2175
1927
1931
2176
1928
1932
2177
1929
1933
2178
1934
2179
1931
1935
2180
1932
1936
2181
1933
1937
2182
1934
1938
2183
1939
2184
1936
1940
2185
1937
1941
2186
1938
1942
2187
1939
1943
2188
1944
2189
1941
1945
2190
1942
1946
2191
1943
1947
2192
1944
1948
2193
1949
2194
1946
1950
2195
1947
1951
2196
1948
1952
2197
1949
1953
2198
1954
2199
1951
1955
2200
1952
1956
2201
1953
1957
2202
1954
1958
2203
1959
2204
1956
1960
2205
1957
1961
2206
1958
1962
2207
1959
1963
2208
1964
2209
1961
1965
2210
1962
1966
2211
1963
1967
2212
1964
1968
2213
1969
2214
1966
1970
2215
1967
1971
2216
1968
1972
2217
1969
1973
2218
1974
2219
1971
1975
2220
1972
1976
2221
1973
1977
2222
1974
1978
2223
1979
2224
1976
1980
2225
1977
1981
2226
1978
1982
2227
1979
1983
2228
1984
2229
1981
1985
2230
1982
1986
2231
1983
1987
2232
1984
1988
2233
1989
2234
1986
1990
2235
1987
1991
2236
1988
1992
2237
1989
1993
2238
1994
2239
1991
1995
2240
1992
1996
2241
1993
1997
2242
1994
1998
2243
1999
2244
1996
2000
2245
1997
2001
2246
1998
2002
2247
1999
2003
2248
2004
2249
2001
2005
2250
2002
2006
2251
2003
2007
2252
2004
2008
2253
2009
2254
2006
2010
2255
2007
2011
2256
2008
2012
2257
2009
2013
2258
2014
2259
2011
2015
2260
2012
2016
2261
2013
2017
2262
2014
2018
2263
2019
2264
2016
2020
2265
2017
2021
2266
2018
2022
2267
2019
2023
2268
2024
2269
2021
2025
2270
2022
2026
2271
2023
2027
2272
2024
2028
2273
2029
2274
2026
2030
2275
2027
2031
2276
2028
2032
2277
2029
2033
2278
2034
2279
2031
2035
2280
2032
2036
2281
2033
2037
2282
2034
2038
2283
2039
2284
2036
2040
2285
2037
2041
2286
2038
2042
2287
2039
2043
2288
2044
2289
2041
2045
2290
2042
2046
2291
2043
2047
2292
2044
2048
2293
2049
2294
2046
2050
2295
2047
2051
2296
2048
2052
2297
2049
2053
2298
2054
2299
2051
2055
2300
2052
2056
2301
2053
2057
2302
2054
2058
2303
2059
2304
2056
2060
2305
2057
2061
2306
2058
2062
2307
2059
2063
2308
2064
2309
2061
2065
2310
2062
2066
2311
2063
2067
2312
2064
2068
2313
2069
2314
2066
2070
2315
2067
2071
2316
2068
2072
2317
2069
2073
2318
2074
2319
2071
2075
2320
2072
2076
2321
2073
2077
2322
2074
2078
2323
2079
2324
2076
2080
2325
2077
2081
2326
2078
2082
2327
2079
2083
2328
2084
2329
2081
2085
2330
2082
2086
2331
2083
2087
2332
2084
2088
2333
2089
2334
2086
2090
2335
2087
2091
2336
2088
2092
2337
2089
2093
2338
2094
2339
2091
2095
2340
2092
2096
2341
2093
2097
2342
2094
2098
2343
2099
2344
2096
2100
2345
2097
2101
2346
2098
2102
2347
2099
2103
2348
2104
2349
2101
2105
2350
2102
2106
2351
2103
2107
2352
2104
2108
2353
2109
2354
2106
2110
2355
2107
2111
2356
2108
2112
2357
2109
2113
2358
2114
2359
2111
2115
2360
2112
2116
2361
2113
2117
2362
2114
2118
2363
2119
2364
2116
2120
2365
2117
2121
2366
2118
2122
2367
2119
2123
2368
2124
2369
2121
2370
2122
2371
2123
2372
2124
2373
2374
2126
2130
2375
2127
2131
2376
2128
2132
2377
2129
2133
2378
2134
2379
2131
2135
2380
2132
2136
2381
2133
2137
2382
2134
2138
2383
2139
2384
2136
2140
2385
2137
2141
2386
2138
2142
2387
2139
2143
2388
2144
2389
2141
2145
2390
2142
2146
2391
2143
2147
2392
2144
2148
2393
2149
2394
2146
2150
2395
2147
2151
2396
2148
2152
2397
2149
2153
2398
2154
2399
2151
2155
2400
2152
2156
2401
2153
2157
2402
2154
2158
2403
2159
2404
2156
2160
2405
2157
2161
2406
2158
2162
2407
2159
2163
2408
2164
2409
2161
2165
2410
2162
2166
2411
2163
2167
2412
2164
2168
2413
2169
2414
2166
2170
2415
2167
2171
2416
2168
2172
2417
2169
2173
2418
2174
2419
2171
2175
2420
2172
2176
2421
2173
2177
2422
2174
2178
2423
2179
2424
2176
2180
2425
2177
2181
2426
2178
2182
2427
2179
2183
2428
2184
2429
2181
2185
2430
2182
2186
2431
2183
2187
2432
2184
2188
2433
2189
2434
2186
2190
2435
2187
2191
2436
2188
2192
2437
2189
2193
2438
2194
2439
2191
2195
2440
2192
2196
2441
2193
2197
2442
2194
2198
2443
2199
2444
2196
2200
2445
2197
2201
2446
2198
2202
2447
2199
2203
2448
2204
2449
2201
2205
2450
2202
2206
2451
2203
2207
2452
2204
2208
2453
2209
2454
2206
2210
2455
2207
2211
2456
2208
2212
2457
2209
2213
2458
2214
2459
2211
2215
2460
2212
2216
2461
2213
2217
2462
2214
2218
2463
2219
2464
2216
2220
2465
2217
2221
2466
2218
2222
2467
2219
2223
2468
2224
2469
2221
2225
2470
2222
2226
2471
2223
2227
2472
2224
2228
2473
2229
2474
2226
2230
2475
2227
2231
2476
2228
2232
2477
2229
2233
2478
2234
2479
2231
2235
2480
2232
2236
2481
2233
2237
2482
2234
2238
2483
2239
2484
2236
2240
2485
2237
2241
2486
2238
2242
2487
2239
2243
2488
2244
2489
2241
2245
2490
2242
2246
2491
2243
2247
2492
2244
2248
2493
2249
2494
2246
2250
2495
2247
2251
2496
2248
2252
2497
2249
2253
2498
2254
2499
2251
2255
2500
2252
2256
2501
2253
2257
2502
2254
2258
2503
2259
2504
2256
2260
2505
2257
2261
2506
2258
2262
2507
2259
2263
2508
2264
2509
2261
2265
2510
2262
2266
2511
2263
2267
2512
2264
2268
2513
2269
2514
2266
2270
2515
2267
2271
2516
2268
2272
2517
2269
2273
2518
2274
2519
2271
2275
2520
2272
2276
2521
2273
2277
2522
2274
2278
2523
2279
2524
2276
2280
2525
2277
2281
2526
2278
2282
2527
2279
2283
2528
2284
2529
2281
2285
2530
2282
2286
2531
2283
2287
2532
2284
2288
2533
2289
2534
2286
2290
2535
2287
2291
2536
2288
2292
2537
2289
2293
2538
2294
2539
2291
2295
2540
2292
2296
2541
2293
2297
2542
2294
2298
2543
2299
2544
2296
2300
2545
2297
2301
2546
2298
2302
2547
2299
2303
2548
2304
2549
2301
2305
2550
2302
2306
2551
2303
2307
2552
2304
2308
2553
2309
2554
2306
2310
2555
2307
2311
2556
2308
2312
2557
2309
2313
2558
2314
2559
2311
2315
2560
2312
2316
2561
2313
2317
2562
2314
2318
2563
2319
2564
2316
2320
2565
2317
2321
2566
2318
2322
2567
2319
2323
2568
2324
2569
2321
2325
2570
2322
2326
2571
2323
2327
2572
2324
2328
2573
2329
2574
2326
2330
2575
2327
2331
2576
2328
2332
2577
2329
2333
2578
2334
2579
2331
2335
2580
2332
2336
2581
2333
2337
2582
2334
2338
2583
2339
2584
2336
2340
2585
2337
2341
2586
2338
2342
2587
2339
2343
2588
2344
2589
2341
2345
2590
2342
2346
2591
2343
2347
2592
2344
2348
2593
2349
2594
2346
2350
2595
2347
2351
2596
2348
2352
2597
2349
2353
2598
2354
2599
2351
2355
2600
2352
2356
2601
2353
2357
2602
2354
2358
2603
2359
2604
2356
2360
2605
2357
2361
2606
2358
2362
2607
2359
2363
2608
2364
2609
2361
2365
2610
2362
2366
2611
2363
2367
2612
2364
2368
2613
2369
2614
2366
2370
2615
2367
2371
2616
2368
2372
2617
2369
2373
2618
2374
2619
2371
2620
2372
2621
2373
2622
2374
2623
2624
2376
2380
2377
2381
2378
2382
2379
2383
2384
2381
2385
2382
2386
2383
2387
2384
2388
2389
2386
2390
2387
2391
2388
2392
2389
2393
2394
2391
2395
2392
2396
2393
2397
2394
2398
2399
2396
2400
2397
2401
2398
2402
2399
2403
2404
2401
2405
2402
2406
2403
2407
2404
2408
2409
2406
2410
2407
2411
2408
2412
2409
2413
2414
2411
2415
2412
2416
2413
2417
2414
2418
2419
2416
2420
2417
2421
2418
2422
2419
2423
2424
2421
2425
2422
2426
2423
2427
2424
2428
2429
2426
2430
2427
2431
2428
2432
2429
2433
2434
2431
2435
2432
2436
2433
2437
2434
2438
2439
2436
2440
2437
2441
2438
2442
2439
2443
2444
2441
2445
2442
2446
2443
2447
2444
2448
2449
2446
2450
2447
2451
2448
2452
2449
2453
2454
2451
2455
2452
2456
2453
2457
2454
2458
2459
2456
2460
2457
2461
2458
2462
2459
2463
2464
2461
2465
2462
2466
2463
2467
2464
2468
2469
2466
2470
2467
2471
2468
2472
2469
2473
2474
2471
2475
2472
2476
2473
2477
2474
2478
2479
2476
2480
2477
2481
2478
2482
2479
2483
2484
2481
2485
2482
2486
2483
2487
2484
2488
2489
2486
2490
2487
2491
2488
2492
2489
2493
2494
2491
2495
2492
2496
2493
2497
2494
2498
2499
2496
2500
2497
2501
2498
2502
2499
2503
2504
2501
2505
2502
2506
2503
2507
2504
2508
2509
2506
2510
2507
2511
2508
2512
2509
2513
2514
2511
2515
2512
2516
2513
2517
2514
2518
2519
2516
2520
2517
2521
2518
2522
2519
2523
2524
2521
2525
2522
2526
2523
2527
2524
2528
2529
2526
2530
2527
2531
2528
2532
2529
2533
2534
2531
2535
2532
2536
2533
2537
2534
2538
2539
2536
2540
2537
2541
2538
2542
2539
2543
2544
2541
2545
2542
2546
2543
2547
2544
2548
2549
2546
2550
2547
2551
2548
2552
2549
2553
2554
2551
2555
2552
2556
2553
2557
2554
2558
2559
2556
2560
2557
2561
2558
2562
2559
2563
2564
2561
2565
2562
2566
2563
2567
2564
2568
2569
2566
2570
2567
2571
2568
2572
2569
2573
2574
2571
2575
2572
2576
2573
2577
2574
2578
2579
2576
2580
2577
2581
2578
2582
2579
2583
2584
2581
2585
2582
2586
2583
2587
2584
2588
2589
2586
2590
2587
2591
2588
2592
2589
2593
2594
2591
2595
2592
2596
2593
2597
2594
2598
2599
2596
2600
2597
2601
2598
2602
2599
2603
2604
2601
2605
2602
2606
2603
2607
2604
2608
2609
2606
2610
2607
2611
2608
2612
2609
2613
2614
2611
2615
2612
2616
2613
2617
2614
2618
2619
2616
2620
2617
2621
2618
2622
2619
2623
2624
2621
2622
2623
2624
2626
2630
2875
2627
2631
2876
2628
2632
2877
2629
2633
2878
2634
2879
2631
2635
2880
2632
2636
2881
2633
2637
2882
2634
2638
2883
2639
2884
2636
2640
2885
2637
2641
2886
2638
2642
2887
2639
2643
2888
2644
2889
2641
2645
2890
2642
2646
2891
2643
2647
2892
2644
2648
2893
2649
2894
2646
2650
2895
2647
2651
2896
2648
2652
2897
2649
2653
2898
2654
2899
2651
2655
2900
2652
2656
2901
2653
2657
2902
2654
2658
2903
2659
2904
2656
2660
2905
2657
2661
2906
2658
2662
2907
2659
2663
2908
2664
2909
2661
2665
2910
2662
2666
2911
2663
2667
2912
2664
2668
2913
2669
2914
2666
2670
2915
2667
2671
2916
2668
2672
2917
2669
2673
2918
2674
2919
2671
2675
2920
2672
2676
2921
2673
2677
2922
2674
2678
2923
2679
2924
2676
2680
2925
2677
2681
2926
2678
2682
2927
2679
2683
2928
2684
2929
2681
2685
2930
2682
2686
2931
2683
2687
2932
2684
2688
2933
2689
2934
2686
2690
2935
2687
2691
2936
2688
2692
2937
2689
2693
2938
2694
2939
2691
2695
2940
2692
2696
2941
2693
2697
2942
2694
2698
2943
2699
2944
2696
2700
2945
2697
2701
2946
2698
2702
2947
2699
2703
2948
2704
2949
2701
2705
2950
2702
2706
2951
2703
2707
2952
2704
2708
2953
2709
2954
2706
2710
2955
2707
2711
2956
2708
2712
2957
2709
2713
2958
2714
2959
2711
2715
2960
2712
2716
2961
2713
2717
2962
2714
2718
2963
2719
2964
2716
2720
2965
2717
2721
2966
2718
2722
2967
2719
2723
2968
2724
2969
2721
2725
2970
2722
2726
2971
2723
2727
2972
2724
2728
2973
2729
2974
2726
2730
2975
2727
2731
2976
2728
2732
2977
2729
2733
2978
2734
2979
2731
2735
2980
2732
2736
2981
2733
2737
2982
2734
2738
2983
2739
2984
2736
2740
2985
2737
2741
2986
2738
2742
2987
2739
2743
2988
2744
2989
2741
2745
2990
2742
2746
2991
2743
2747
2992
2744
2748
2993
2749
2994
2746
2750
2995
2747
2751
2996
2748
2752
2997
2749
2753
2998
2754
2999
2751
2755
3000
2752
2756
3001
2753
2757
3002
2754
2758
3003
2759
3004
2756
2760
3005
2757
2761
3006
2758
2762
3007
2759
2763
3008
2764
3009
2761
2765
3010
2762
2766
3011
2763
2767
3012
2764
2768
3013
2769
3014
2766
2770
3015
2767
2771
3016
2768
2772
3017
2769
2773
3018
2774
3019
2771
2775
3020
2772
2776
3021
2773
2777
3022
2774
2778
3023
2779
3024
2776
2780
3025
2777
2781
3026
2778
2782
3027
2779
2783
3028
2784
3029
2781
2785
3030
2782
2786
3031
2783
2787
3032
2784
2788
3033
2789
3034
2786
2790
3035
2787
2791
3036
2788
2792
3037
2789
2793
3038
2794
3039
2791
2795
3040
2792
2796
3041
2793
2797
3042
2794
2798
3043
2799
3044
2796
2800
3045
2797
2801
3046
2798
2802
3047
2799
2803
3048
2804
3049
2801
2805
3050
2802
2806
3051
2803
2807
3052
2804
2808
3053
2809
3054
2806
2810
3055
2807
2811
3056
2808
2812
3057
2809
2813
3058
2814
3059
2811
2815
3060
2812
2816
3061
2813
2817
3062
2814
2818
3063
2819
3064
2816
2820
3065
2817
2821
3066
2818
2822
3067
2819
2823
3068
2824
3069
2821
2825
3070
2822
2826
3071
2823
2827
3072
2824
2828
3073
2829
3074
2826
2830
3075
2827
2831
3076
2828
2832
3077
2829
2833
3078
2834
3079
2831
2835
3080
2832
2836
3081
2833
2837
3082
2834
2838
3083
2839
3084
2836
2840
3085
2837
2841
3086
2838
2842
3087
2839
2843
3088
2844
3089
2841
2845
3090
2842
2846
3091
2843
2847
3092
2844
2848
3093
2849
3094
2846
2850
3095
2847
2851
3096
2848
2852
3097
2849
2853
3098
2854
3099
2851
2855
3100
2852
2856
3101
2853
2857
3102
2854
2858
3103
2859
3104
2856
2860
3105
2857
2861
3106
2858
2862
3107
2859
2863
3108
2864
3109
2861
2865
3110
2862
2866
3111
2863
2867
3112
2864
2868
3113
2869
3114
2866
2870
3115
2867
2871
3116
2868
2872
3117
2869
2873
3118
2874
3119
2871
3120
2872
3121
2873
3122
2874
3123
3124
2876
2880
3125
2877
2881
3126
2878
2882
3127
2879
2883
3128
2884
3129
2881
2885
3130
2882
2886
3131
2883
2887
3132
2884
2888
3133
2889
3134
2886
2890
3135
2887
2891
3136
2888
2892
3137
2889
2893
3138
2894
3139
2891
2895
3140
2892
2896
3141
2893
2897
3142
2894
2898
3143
2899
3144
2896
2900
3145
2897
2901
3146
2898
2902
3147
2899
2903
3148
2904
3149
2901
2905
3150
2902
2906
3151
2903
2907
3152
2904
2908
3153
2909
3154
2906
2910
3155
2907
2911
3156
2908
2912
3157
2909
2913
3158
2914
3159
2911
2915
3160
2912
2916
3161
2913
2917
3162
2914
2918
3163
2919
3164
2916
2920
3165
2917
2921
3166
2918
2922
3167
2919
2923
3168
2924
3169
2921
2925
3170
2922
2926
3171
2923
2927
3172
2924
2928
3173
2929
3174
2926
2930
3175
2927
2931
3176
2928
2932
3177
2929
2933
3178
2934
3179
2931
2935
3180
2932
2936
3181
2933
2937
3182
2934
2938
3183
2939
3184
2936
2940
3185
2937
2941
3186
2938
2942
3187
2939
2943
3188
2944
3189
2941
2945
3190
2942
2946
3191
2943
2947
3192
2944
2948
3193
2949
3194
2946
2950
3195
2947
2951
3196
2948
2952
3197
2949
2953
3198
2954
3199
2951
2955
3200
2952
2956
3201
2953
2957
3202
2954
2958
3203
2959
3204
2956
2960
3205
2957
2961
3206
2958
2962
3207
2959
2963
3208
2964
3209
2961
2965
3210
2962
2966
3211
2963
2967
3212
2964
2968
3213
2969
3214
2966
2970
3215
2967
2971
3216
2968
2972
3217
2969
2973
3218
2974
3219
2971
2975
3220
2972
2976
3221
2973
2977
3222
2974
2978
3223
2979
3224
2976
2980
3225
2977
2981
3226
2978
2982
3227
2979
2983
3228
2984
3229
2981
2985
3230
2982
2986
3231
2983
2987
3232
2984
2988
3233
2989
3234
2986
2990
3235
2987
2991
3236
2988
2992
3237
2989
2993
3238
2994
3239
2991
2995
3240
2992
2996
3241
2993
2997
3242
2994
2998
3243
2999
3244
2996
3000
3245
2997
3001
3246
2998
3002
3247
2999
3003
3248
3004
3249
3001
3005
3250
3002
3006
3251
3003
3007
3252
3004
3008
3253
3009
3254
3006
3010
3255
3007
3011
3256
3008
3012
3257
3009
3013
3258
3014
3259
3011
3015
3260
3012
3016
3261
3013
3017
3262
3014
3018
3263
3019
3264
3016
3020
3265
3017
3021
3266
3018
3022
3267
3019
3023
3268
3024
3269
3021
3025
3270
3022
3026
3271
3023
3027
3272
3024
3028
3273
3029
3274
3026
3030
3275
3027
3031
3276
3028
3032
3277
3029
3033
3278
3034
3279
3031
3035
3280
3032
3036
3281
3033
3037
3282
3034
3038
3283
3039
3284
3036
3040
3285
3037
3041
3286
3038
3042
3287
3039
3043
3288
3044
3289
3041
3045
3290
3042
3046
3291
3043
3047
3292
3044
3048
3293
3049
3294
3046
3050
3295
3047
3051
3296
3048
3052
3297
3049
3053
3298
3054
3299
3051
3055
3300
3052
3056
3301
3053
3057
3302
3054
3058
3303
3059
3304
3056
3060
3305
3057
3061
3306
3058
3062
3307
3059
3063
3308
3064
3309
3061
3065
3310
3062
3066
3311
3063
3067
3312
3064
3068
3313
3069
3314
3066
3070
3315
3067
3071
3316
3068
3072
3317
3069
3073
3318
3074
3319
3071
3075
3320
3072
3076
3321
3073
3077
3322
3074
3078
3323
3079
3324
3076
3080
3325
3077
3081
3326
3078
3082
3327
3079
3083
3328
3084
3329
3081
3085
3330
3082
3086
3331
3083
3087
3332
3084
3088
3333
3089
3334
3086
3090
3335
3087
3091
3336
3088
3092
3337
3089
3093
3338
3094
3339
3091
3095
3340
3092
3096
3341
3093
3097
3342
3094
3098
3343
3099
3344
3096
3100
3345
3097
3101
3346
3098
3102
3347
3099
3103
3348
3104
3349
3101
3105
3350
3102
3106
3351
3103
3107
3352
3104
3108
3353
3109
3354
3106
3110
3355
3107
3111
3356
3108
3112
3357
3109
3113
3358
3114
3359
3111
3115
3360
3112
3116
3361
3113
3117
3362
3114
3118
3363
3119
3364
3116
3120
3365
3117
3121
3366
3118
3122
3367
3119
3123
3368
3124
3369
3121
3370
3122
3371
3123
3372
3124
3373
3374
3126
3130
3375
3127
3131
3376
3128
3132
3377
3129
3133
3378
3134
3379
3131
3135
3380
3132
3136
3381
3133
3137
3382
3134
3138
3383
3139
3384
3136
3140
3385
3137
3141
3386
3138
3142
3387
3139
3143
3388
3144
3389
3141
3145
3390
3142
3146
3391
3143
3147
3392
3144
3148
3393
3149
3394
3146
3150
3395
3147
3151
3396
3148
3152
3397
3149
3153
3398
3154
3399
3151
3155
3400
3152
3156
3401
3153
3157
3402
3154
3158
3403
3159
3404
3156
3160
3405
3157
3161
3406
3158
3162
3407
3159
3163
3408
3164
3409
3161
3165
3410
3162
3166
3411
3163
3167
3412
3164
3168
3413
3169
3414
3166
3170
3415
3167
3171
3416
3168
3172
3417
3169
3173
3418
3174
3419
3171
3175
3420
3172
3176
3421
3173
3177
3422
3174
3178
3423
3179
3424
3176
3180
3425
3177
3181
3426
3178
3182
3427
3179
3183
3428
3184
3429
3181
3185
3430
3182
3186
3431
3183
3187
3432
3184
3188
3433
3189
3434
3186
3190
3435
3187
3191
3436
3188
3192
3437
3189
3193
3438
3194
3439
3191
3195
3440
3192
3196
3441
3193
3197
3442
3194
3198
3443
3199
3444
3196
3200
3445
3197
3201
3446
3198
3202
3447
3199
3203
3448
3204
3449
3201
3205
3450
3202
3206
3451
3203
3207
3452
3204
3208
3453
3209
3454
3206
3210
3455
3207
3211
3456
3208
3212
3457
3209
3213
3458
3214
3459
3211
3215
3460
3212
3216
3461
3213
3217
3462
3214
3218
3463
3219
3464
3216
3220
3465
3217
3221
3466
3218
3222
3467
3219
3223
3468
3224
3469
3221
3225
3470
3222
3226
3471
3223
3227
3472
3224
3228
3473
3229
3474
3226
3230
3475
3227
3231
3476
3228
3232
3477
3229
3233
3478
3234
3479
3231
3235
3480
3232
3236
3481
3233
3237
3482
3234
3238
3483
3239
3484
3236
3240
3485
3237
3241
3486
3238
3242
3487
3239
3243
3488
3244
3489
3241
3245
3490
3242
3246
3491
3243
3247
3492
3244
3248
3493
3249
3494
3246
3250
3495
3247
3251
3496
3248
3252
3497
3249
3253
3498
3254
3499
3251
3255
3500
3252
3256
3501
3253
3257
3502
3254
3258
3503
3259
3504
3256
3260
3505
3257
3261
3506
3258
3262
3507
3259
3263
3508
3264
3509
3261
3265
3510
3262
3266
3511
3263
3267
3512
3264
3268
3513
3269
3514
3266
3270
3515
3267
3271
3516
3268
3272
3517
3269
3273
3518
3274
3519
3271
3275
3520
3272
3276
3521
3273
3277
3522
3274
3278
3523
3279
3524
3276
3280
3525
3277
3281
3526
3278
3282
3527
3279
3283
3528
3284
3529
3281
3285
3530
3282
3286
3531
3283
3287
3532
3284
3288
3533
3289
3534
3286
3290
3535
3287
3291
3536
3288
3292
3537
3289
3293
3538
3294
3539
3291
3295
3540
3292
3296
3541
3293
3297
3542
3294
3298
3543
3299
3544
3296
3300
3545
3297
3301
3546
3298
3302
3547
3299
3303
3548
3304
3549
3301
3305
3550
3302
3306
3551
3303
3307
3552
3304
3308
3553
3309
3554
3306
3310
3555
3307
3311
3556
3308
3312
3557
3309
3313
3558
3314
3559
3311
3315
3560
3312
3316
3561
3313
3317
3562
3314
3318
3563
3319
3564
3316
3320
3565
3317
3321
3566
3318
3322
3567
3319
3323
3568
3324
3569
3321
3325
3570
3322
3326
3571
3323
3327
3572
3324
3328
3573
3329
3574
3326
3330
3575
3327
3331
3576
3328
3332
3577
3329
3333
3578
3334
3579
3331
3335
3580
3332
3336
3581
3333
3337
3582
3334
3338
3583
3339
3584
3336
3340
3585
3337
3341
3586
3338
3342
3587
3339
3343
3588
3344
3589
3341
3345
3590
3342
3346
3591
3343
3347
3592
3344
3348
3593
3349
3594
3346
3350
3595
3347
3351
3596
3348
3352
3597
3349
3353
3598
3354
3599
3351
3355
3600
3352
3356
3601
3353
3357
3602
3354
3358
3603
3359
3604
3356
3360
3605
3357
3361
3606
3358
3362
3607
3359
3363
3608
3364
3609
3361
3365
3610
3362
3366
3611
3363
3367
3612
3364
3368
3613
3369
3614
3366
3370
3615
3367
3371
3616
3368
3372
3617
3369
3373
3618
3374
3619
3371
3620
3372
3621
3373
3622
3374
3623
3624
3376
3380
3625
3377
3381
3626
3378
3382
3627
3379
3383
3628
3384
3629
3381
3385
3630
3382
3386
3631
3383
3387
3632
3384
3388
3633
3389
3634
3386
3390
3635
3387
3391
3636
3388
3392
3637
3389
3393
3638
3394
3639
3391
3395
3640
3392
3396
3641
3393
3397
3642
3394
3398
3643
3399
3644
3396
3400
3645
3397
3401
3646
3398
3402
3647
3399
3403
3648
3404
3649
3401
3405
3650
3402
3406
3651
3403
3407
3652
3404
3408
3653
3409
3654
3406
3410
3655
3407
3411
3656
3408
3412
3657
3409
3413
3658
3414
3659
3411
3415
3660
3412
3416
3661
3413
3417
3662
3414
3418
3663
3419
3664
3416
3420
3665
3417
3421
3666
3418
3422
3667
3419
3423
3668
3424
3669
3421
3425
3670
3422
3426
3671
3423
3427
3672
3424
3428
3673
3429
3674
3426
3430
3675
3427
3431
3676
3428
3432
3677
3429
3433
3678
3434
3679
3431
3435
3680
3432
3436
3681
3433
3437
3682
3434
3438
3683
3439
3684
3436
3440
3685
3437
3441
3686
3438
3442
3687
3439
3443
3688
3444
3689
3441
3445
3690
3442
3446
3691
3443
3447
3692
3444
3448
3693
3449
3694
3446
3450
3695
3447
3451
3696
3448
3452
3697
3449
3453
3698
3454
3699
3451
3455
3700
3452
3456
3701
3453
3457
3702
3454
3458
3703
3459
3704
3456
3460
3705
3457
3461
3706
3458
3462
3707
3459
3463
3708
3464
3709
3461
3465
3710
3462
3466
3711
3463
3467
3712
3464
3468
3713
3469
3714
3466
3470
3715
3467
3471
3716
3468
3472
3717
3469
3473
3718
3474
3719
3471
3475
3720
3472
3476
3721
3473
3477
3722
3474
3478
3723
3479
3724
3476
3480
3725
3477
3481
3726
3478
3482
3727
3479
3483
3728
3484
3729
3481
3485
3730
3482
3486
3731
3483
3487
3732
3484
3488
3733
3489
3734
3486
3490
3735
3487
3491
3736
3488
3492
3737
3489
3493
3738
3494
3739
3491
3495
3740
3492
3496
3741
3493
3497
3742
3494
3498
3743
3499
3744
3496
3500
3745
3497
3501
3746
3498
3502
3747
3499
3503
3748
3504
3749
3501
3505
3750
3502
3506
3751
3503
3507
3752
3504
3508
3753
3509
3754
3506
3510
3755
3507
3511
3756
3508
3512
3757
3509
3513
3758
3514
3759
3511
3515
3760
3512
3516
3761
3513
3517
3762
3514
3518
3763
3519
3764
3516
3520
3765
3517
3521
3766
3518
3522
3767
3519
3523
3768
3524
3769
3521
3525
3770
3522
3526
3771
3523
3527
3772
3524
3528
3773
3529
3774
3526
3530
3775
3527
3531
3776
3528
3532
3777
3529
3533
3778
3534
3779
3531
3535
3780
3532
3536
3781
3533
3537
3782
3534
3538
3783
3539
3784
3536
3540
3785
3537
3541
3786
3538
3542
3787
3539
3543
3788
3544
3789
3541
3545
3790
3542
3546
3791
3543
3547
3792
3544
3548
3793
3549
3794
3546
3550
3795
3547
3551
3796
3548
3552
3797
3549
3553
3798
3554
3799
3551
3555
3800
3552
3556
3801
3553
3557
3802
3554
3558
3803
3559
3804
3556
3560
3805
3557
3561
3806
3558
3562
3807
3559
3563
3808
3564
3809
3561
3565
3810
3562
3566
3811
3563
3567
3812
3564
3568
3813
3569
3814
3566
3570
3815
3567
3571
3816
3568
3572
3817
3569
3573
3818
3574
3819
3571
3575
3820
3572
3576
3821
3573
3577
3822
3574
3578
3823
3579
3824
3576
3580
3825
3577
3581
3826
3578
3582
3827
3579
3583
3828
3584
3829
3581
3585
3830
3582
3586
3831
3583
3587
3832
3584
3588
3833
3589
3834
3586
3590
3835
3587
3591
3836
3588
3592
3837
3589
3593
3838
3594
3839
3591
3595
3840
3592
3596
3841
3593
3597
3842
3594
3598
3843
3599
3844
3596
3600
3845
3597
3601
3846
3598
3602
3847
3599
3603
3848
3604
3849
3601
3605
3850
3602
3606
3851
3603
3607
3852
3604
3608
3853
3609
3854
3606
3610
3855
3607
3611
3856
3608
3612
3857
3609
3613
3858
3614
3859
3611
3615
3860
3612
3616
3861
3613
3617
3862
3614
3618
3863
3619
3864
3616
3620
3865
3617
3621
3866
3618
3622
3867
3619
3623
3868
3624
3869
3621
3870
3622
3871
3623
3872
3624
3873
3874
3626
3630
3627
3631
3628
3632
3629
3633
3634
3631
3635
3632
3636
3633
3637
3634
3638
3639
3636
3640
3637
3641
3638
3642
3639
3643
3644
3641
3645
3642
3646
3643
3647
3644
3648
3649
3646
3650
3647
3651
3648
3652
3649
3653
3654
3651
3655
3652
3656
3653
3657
3654
3658
3659
3656
3660
3657
3661
3658
3662
3659
3663
3664
3661
3665
3662
3666
3663
3667
3664
3668
3669
3666
3670
3667
3671
3668
3672
3669
3673
3674
3671
3675
3672
3676
3673
3677
3674
3678
3679
3676
3680
3677
3681
3678
3682
3679
3683
3684
3681
3685
3682
3686
3683
3687
3684
3688
3689
3686
3690
3687
3691
3688
3692
3689
3693
3694
3691
3695
3692
3696
3693
3697
3694
3698
3699
3696
3700
3697
3701
3698
3702
3699
3703
3704
3701
3705
3702
3706
3703
3707
3704
3708
3709
3706
3710
3707
3711
3708
3712
3709
3713
3714
3711
3715
3712
3716
3713
3717
3714
3718
3719
3716
3720
3717
3721
3718
3722
3719
3723
3724
3721
3725
3722
3726
3723
3727
3724
3728
3729
3726
3730
3727
3731
3728
3732
3729
3733
3734
3731
3735
3732
3736
3733
3737
3734
3738
3739
3736
3740
3737
3741
3738
3742
3739
3743
3744
3741
3745
3742
3746
3743
3747
3744
3748
3749
3746
3750
3747
3751
3748
3752
3749
3753
3754
3751
3755
3752
3756
3753
3757
3754
3758
3759
3756
3760
3757
3761
3758
3762
3759
3763
3764
3761
3765
3762
3766
3763
3767
3764
3768
3769
3766
3770
3767
3771
3768
3772
3769
3773
3774
3771
3775
3772
3776
3773
3777
3774
3778
3779
3776
3780
3777
3781
3778
3782
3779
3783
3784
3781
3785
3782
3786
3783
3787
3784
3788
3789
3786
3790
3787
3791
3788
3792
3789
3793
3794
3791
3795
3792
3796
3793
3797
3794
3798
3799
3796
3800
3797
3801
3798
3802
3799
3803
3804
3801
3805
3802
3806
3803
3807
3804
3808
3809
3806
3810
3807
3811
3808
3812
3809
3813
3814
3811
3815
3812
3816
3813
3817
3814
3818
3819
3816
3820
3817
3821
3818
3822
3819
3823
3824
3821
3825
3822
3826
3823
3827
3824
3828
3829
3826
3830
3827
3831
3828
3832
3829
3833
3834
3831
3835
3832
3836
3833
3837
3834
3838
3839
3836
3840
3837
3841
3838
3842
3839
3843
3844
3841
3845
3842
3846
3843
3847
3844
3848
3849
3846
3850
3847
3851
3848
3852
3849
3853
3854
3851
3855
3852
3856
3853
3857
3854
3858
3859
3856
3860
3857
3861
3858
3862
3859
3863
3864
3861
3865
3862
3866
3863
3867
3864
3868
3869
3866
3870
3867
3871
3868
3872
3869
3873
3874
3871
3872
3873
3874
)


// ************************************************************************* //
